Point: 0.000000 0.000000 0.000000
Point: 0.180000 0.270000 0.090000
Point: 0.320000 0.480000 0.160000
Point: 0.420000 0.630000 0.210000
Point: 0.480000 0.720000 0.240000
Point: 0.500000 0.750000 0.250000
Point: 0.480000 0.720000 0.240000
Point: 0.420000 0.630000 0.210000
Point: 0.320000 0.480000 0.160000
Point: 0.180000 0.270000 0.090000
Point: 0.180000 0.270000 0.360000
Point: 0.332100 0.469800 0.388800
Point: 0.446400 0.619200 0.403200
Point: 0.522900 0.718200 0.403200
Point: 0.561600 0.766800 0.388800
Point: 0.562500 0.765000 0.360000
Point: 0.525600 0.712800 0.316800
Point: 0.450900 0.610200 0.259200
Point: 0.338400 0.457200 0.187200
Point: 0.188100 0.253800 0.100800
Point: 0.320000 0.480000 0.640000
Point: 0.446400 0.619200 0.619200
Point: 0.537600 0.716800 0.588800
Point: 0.593600 0.772800 0.548800
Point: 0.614400 0.787200 0.499200
Point: 0.600000 0.760000 0.440000
Point: 0.550400 0.691200 0.371200
Point: 0.465600 0.580800 0.292800
Point: 0.345600 0.428800 0.204800
Point: 0.190400 0.235200 0.107200
Point: 0.420000 0.630000 0.840000
Point: 0.522900 0.718200 0.781200
Point: 0.593600 0.772800 0.716800
Point: 0.632100 0.793800 0.646800
Point: 0.638400 0.781200 0.571200
Point: 0.612500 0.735000 0.490000
Point: 0.554400 0.655200 0.403200
Point: 0.464100 0.541800 0.310800
Point: 0.341600 0.394800 0.212800
Point: 0.186900 0.214200 0.109200
Point: 0.480000 0.720000 0.960000
Point: 0.561600 0.766800 0.874800
Point: 0.614400 0.787200 0.787200
Point: 0.638400 0.781200 0.697200
Point: 0.633600 0.748800 0.604800
Point: 0.600000 0.690000 0.510000
Point: 0.537600 0.604800 0.412800
Point: 0.446400 0.493200 0.313200
Point: 0.326400 0.355200 0.211200
Point: 0.177600 0.190800 0.106800
Point: 0.500000 0.750000 1.000000
Point: 0.562500 0.765000 0.900000
Point: 0.600000 0.760000 0.800000
Point: 0.612500 0.735000 0.700000
Point: 0.600000 0.690000 0.600000
Point: 0.562500 0.625000 0.500000
Point: 0.500000 0.540000 0.400000
Point: 0.412500 0.435000 0.300000
Point: 0.300000 0.310000 0.200000
Point: 0.162500 0.165000 0.100000
Point: 0.480000 0.720000 0.960000
Point: 0.525600 0.712800 0.856800
Point: 0.550400 0.691200 0.755200
Point: 0.554400 0.655200 0.655200
Point: 0.537600 0.604800 0.556800
Point: 0.500000 0.540000 0.460000
Point: 0.441600 0.460800 0.364800
Point: 0.362400 0.367200 0.271200
Point: 0.262400 0.259200 0.179200
Point: 0.141600 0.136800 0.088800
Point: 0.420000 0.630000 0.840000
Point: 0.450900 0.610200 0.745200
Point: 0.465600 0.580800 0.652800
Point: 0.464100 0.541800 0.562800
Point: 0.446400 0.493200 0.475200
Point: 0.412500 0.435000 0.390000
Point: 0.362400 0.367200 0.307200
Point: 0.296100 0.289800 0.226800
Point: 0.213600 0.202800 0.148800
Point: 0.114900 0.106200 0.073200
Point: 0.320000 0.480000 0.640000
Point: 0.338400 0.457200 0.565200
Point: 0.345600 0.428800 0.492800
Point: 0.341600 0.394800 0.422800
Point: 0.326400 0.355200 0.355200
Point: 0.300000 0.310000 0.290000
Point: 0.262400 0.259200 0.227200
Point: 0.213600 0.202800 0.166800
Point: 0.153600 0.140800 0.108800
Point: 0.082400 0.073200 0.053200
Point: 0.180000 0.270000 0.360000
Point: 0.188100 0.253800 0.316800
Point: 0.190400 0.235200 0.275200
Point: 0.186900 0.214200 0.235200
Point: 0.177600 0.190800 0.196800
Point: 0.162500 0.165000 0.160000
Point: 0.141600 0.136800 0.124800
Point: 0.114900 0.106200 0.091200
Point: 0.082400 0.073200 0.059200
Point: 0.044100 0.037800 0.028800




0 0 0
1 2 3
1 1 1
2 3 3
2 2 1
3 5 1
-1 2 4
-2 -3 -4
0 9 1
6 6 6
8 8 8 
0 7 4



-10 -2 -9
-8 -7 -3
-9 -1 -4
-6 -4 -5
-3 0 4.0 
-2 0 2.0 
-1 0 0.0 
0 0 2.0
-3 1 1.0 
-2 1 3.0 
-1 1 6.0 
0 1 -1.0
-3 2 4.0 
-2 2 0.0 
-1 2 3.0 
0 2 4.0
-3 3 0.0 
-2 3 0.0 
-1 3 0.0 
0 3 0.0